  0.000000  1.000000
  0.014757  1.002487
  0.029513  1.004771
  0.044270  1.006864
  0.059026  1.008777
  0.073783  1.010521
  0.088540  1.012106
  0.103296  1.013544
  0.118053  1.014845
  0.132809  1.016017
  0.147566  1.017072
  0.162323  1.018017
  0.177079  1.018863
  0.191836  1.019616
  0.206592  1.020286
  0.221349  1.020880
  0.236106  1.021404
  0.250862  1.021866
  0.265619  1.022272
  0.280375  1.022627
  0.295132  1.022937
  0.309889  1.023207
  0.324645  1.023441
  0.339402  1.023643
  0.354158  1.023817
  0.368915  1.023967
  0.383672  1.024095
  0.398428  1.024204
  0.413185  1.024298
  0.427942  1.024377
  0.442698  1.024443
  0.457455  1.024500
  0.472211  1.024547
  0.486968  1.024586
  0.501724  1.024619
  0.516481  1.024647
  0.531238  1.024670
  0.545994  1.024688
  0.560751  1.024704
  0.575508  1.024716
  0.590264  1.024727
  0.605021  1.024735
  0.619777  1.024742
  0.634534  1.024747
  0.649291  1.024751
  0.664047  1.024755
  0.678804  1.024758
  0.693560  1.024759
  0.708317  1.024761
  0.723074  1.024761
  0.737830  1.024761
  0.752587  1.024761
  0.767343  1.024760
  0.782100  1.024759
  0.796857  1.024757
  0.811613  1.024755
  0.826370  1.024752
  0.841126  1.024747
  0.855883  1.024742
  0.870640  1.024735
  0.885396  1.024727
  0.900153  1.024716
  0.914909  1.024704
  0.929666  1.024689
  0.944423  1.024670
  0.959179  1.024648
  0.973936  1.024620
  0.988692  1.024588
  1.003449  1.024548
  1.018206  1.024501
  1.032962  1.024445
  1.047719  1.024378
  1.062475  1.024299
  1.077232  1.024206
  1.091989  1.024097
  1.106745  1.023969
  1.121502  1.023820
  1.136258  1.023646
  1.151015  1.023444
  1.165772  1.023210
  1.180528  1.022941
  1.195285  1.022631
  1.210041  1.022277
  1.224798  1.021871
  1.239555  1.021409
  1.254311  1.020885
  1.269068  1.020292
  1.283824  1.019622
  1.298581  1.018868
  1.313338  1.018023
  1.328094  1.017078
  1.342851  1.016023
  1.357607  1.014850
  1.372364  1.013550
  1.387121  1.012112
  1.401877  1.010525
  1.416634  1.008781
  1.431391  1.006867
  1.446147  1.004773
  1.460904  1.002488
  1.475660  1.000000
