  0.000000  0.000000
  0.014757  0.002454
  0.029513  0.004712
  0.044270  0.006788
  0.059026  0.008699
  0.073783  0.010454
  0.088540  0.012063
  0.103296  0.013532
  0.118053  0.014866
  0.132809  0.016069
  0.147566  0.017146
  0.162323  0.018100
  0.177079  0.018940
  0.191836  0.019674
  0.206592  0.020313
  0.221349  0.020869
  0.236106  0.021356
  0.250862  0.021785
  0.265619  0.022169
  0.280375  0.022515
  0.295132  0.022830
  0.309889  0.023118
  0.324645  0.023378
  0.339402  0.023611
  0.354158  0.023813
  0.368915  0.023983
  0.383672  0.024119
  0.398428  0.024223
  0.413185  0.024296
  0.427942  0.024345
  0.442698  0.024376
  0.457455  0.024396
  0.472211  0.024413
  0.486968  0.024432
  0.501724  0.024459
  0.516481  0.024495
  0.531238  0.024540
  0.545994  0.024591
  0.560751  0.024642
  0.575508  0.024690
  0.590264  0.024728
  0.605021  0.024752
  0.619777  0.024761
  0.634534  0.024756
  0.649291  0.024738
  0.664047  0.024714
  0.678804  0.024688
  0.693560  0.024667
  0.708317  0.024655
  0.723074  0.024657
  0.737830  0.024673
  0.752587  0.024702
  0.767343  0.024740
  0.782100  0.024782
  0.796857  0.024823
  0.811613  0.024855
  0.826370  0.024876
  0.841126  0.024881
  0.855883  0.024872
  0.870640  0.024850
  0.885396  0.024820
  0.900153  0.024787
  0.914909  0.024755
  0.929666  0.024732
  0.944423  0.024717
  0.959179  0.024714
  0.973936  0.024719
  0.988692  0.024728
  1.003449  0.024735
  1.018206  0.024733
  1.032962  0.024714
  1.047719  0.024674
  1.062475  0.024607
  1.077232  0.024512
  1.091989  0.024388
  1.106745  0.024237
  1.121502  0.024063
  1.136258  0.023868
  1.151015  0.023654
  1.165772  0.023420
  1.180528  0.023165
  1.195285  0.022881
  1.210041  0.022562
  1.224798  0.022196
  1.239555  0.021771
  1.254311  0.021277
  1.269068  0.020701
  1.283824  0.020034
  1.298581  0.019267
  1.313338  0.018396
  1.328094  0.017416
  1.342851  0.016324
  1.357607  0.015116
  1.372364  0.013789
  1.387121  0.012336
  1.401877  0.010748
  1.416634  0.009014
  1.431391  0.007120
  1.446147  0.005051
  1.460904  0.002789
  1.475660  0.000317
