  0.000000  0.000000
  0.020000  0.003267
  0.040000  0.006194
  0.060000  0.008788
  0.080000  0.011126
  0.100000  0.013164
  0.120000  0.014998
  0.140000  0.016540
  0.160000  0.017913
  0.180000  0.019008
  0.200000  0.019983
  0.220000  0.020723
  0.240000  0.021409
  0.260000  0.021917
  0.280000  0.022431
  0.300000  0.022808
  0.320000  0.023214
  0.340000  0.023492
  0.360000  0.023790
  0.380000  0.023954
  0.400000  0.024131
  0.420000  0.024184
  0.440000  0.024264
  0.460000  0.024258
  0.480000  0.024309
  0.500000  0.024312
  0.520000  0.024388
  0.540000  0.024425
  0.560000  0.024519
  0.580000  0.024557
  0.600000  0.024621
  0.620000  0.024615
  0.640000  0.024625
  0.660000  0.024575
  0.680000  0.024559
  0.700000  0.024516
  0.720000  0.024528
  0.740000  0.024534
  0.760000  0.024594
  0.780000  0.024638
  0.800000  0.024709
  0.820000  0.024737
  0.840000  0.024769
  0.860000  0.024749
  0.880000  0.024736
  0.900000  0.024692
  0.920000  0.024681
  0.940000  0.024666
  0.960000  0.024701
  0.980000  0.024736
  1.000000  0.024808
  1.020000  0.024858
  1.040000  0.024916
  1.060000  0.024927
  1.080000  0.024936
  1.100000  0.024900
  1.120000  0.024881
  1.140000  0.024843
  1.160000  0.024848
  1.180000  0.024853
  1.200000  0.024908
  1.220000  0.024950
  1.240000  0.025021
  1.260000  0.025050
  1.280000  0.025085
  1.300000  0.025061
  1.320000  0.025048
  1.340000  0.024988
  1.360000  0.024968
  1.380000  0.024924
  1.400000  0.024944
  1.420000  0.024940
  1.440000  0.024995
  1.460000  0.024998
  1.480000  0.025034
  1.500000  0.024986
  1.520000  0.024956
  1.540000  0.024831
  1.560000  0.024740
  1.580000  0.024567
  1.600000  0.024453
  1.620000  0.024263
  1.640000  0.024134
  1.660000  0.023904
  1.680000  0.023703
  1.700000  0.023352
  1.720000  0.022988
  1.740000  0.022433
  1.760000  0.021836
  1.780000  0.021035
  1.800000  0.020182
  1.820000  0.019124
  1.840000  0.017992
  1.860000  0.016634
  1.880000  0.015143
  1.900000  0.013372
  1.920000  0.011381
  1.940000  0.009049
  1.960000  0.006409
  1.980000  0.003389
  2.000000  0.000000
