  0.000000  0.000000
  0.014757  0.002450
  0.029513  0.004704
  0.044270  0.006778
  0.059026  0.008685
  0.073783  0.010437
  0.088540  0.012043
  0.103296  0.013509
  0.118053  0.014841
  0.132809  0.016042
  0.147566  0.017116
  0.162323  0.018069
  0.177079  0.018907
  0.191836  0.019639
  0.206592  0.020276
  0.221349  0.020831
  0.236106  0.021316
  0.250862  0.021744
  0.265619  0.022126
  0.280375  0.022471
  0.295132  0.022785
  0.309889  0.023072
  0.324645  0.023331
  0.339402  0.023563
  0.354158  0.023764
  0.368915  0.023933
  0.383672  0.024069
  0.398428  0.024172
  0.413185  0.024245
  0.427942  0.024293
  0.442698  0.024324
  0.457455  0.024343
  0.472211  0.024359
  0.486968  0.024378
  0.501724  0.024405
  0.516481  0.024441
  0.531238  0.024485
  0.545994  0.024536
  0.560751  0.024587
  0.575508  0.024634
  0.590264  0.024672
  0.605021  0.024696
  0.619777  0.024705
  0.634534  0.024700
  0.649291  0.024682
  0.664047  0.024658
  0.678804  0.024632
  0.693560  0.024610
  0.708317  0.024599
  0.723074  0.024600
  0.737830  0.024616
  0.752587  0.024645
  0.767343  0.024684
  0.782100  0.024726
  0.796857  0.024766
  0.811613  0.024799
  0.826370  0.024819
  0.841126  0.024825
  0.855883  0.024816
  0.870640  0.024794
  0.885396  0.024764
  0.900153  0.024731
  0.914909  0.024700
  0.929666  0.024676
  0.944423  0.024662
  0.959179  0.024659
  0.973936  0.024664
  0.988692  0.024674
  1.003449  0.024681
  1.018206  0.024680
  1.032962  0.024662
  1.047719  0.024622
  1.062475  0.024556
  1.077232  0.024461
  1.091989  0.024338
  1.106745  0.024188
  1.121502  0.024015
  1.136258  0.023820
  1.151015  0.023607
  1.165772  0.023375
  1.180528  0.023120
  1.195285  0.022838
  1.210041  0.022519
  1.224798  0.022155
  1.239555  0.021732
  1.254311  0.021239
  1.269068  0.020664
  1.283824  0.019999
  1.298581  0.019234
  1.313338  0.018365
  1.328094  0.017387
  1.342851  0.016297
  1.357607  0.015092
  1.372364  0.013767
  1.387121  0.012316
  1.401877  0.010731
  1.416634  0.009000
  1.431391  0.007109
  1.446147  0.005043
  1.460904  0.002785
  1.475660  0.000317
