  0.000000 36.500000
  0.000200 37.109474
  0.000400 37.703526
  0.000600 38.282291
  0.000800 38.845982
  0.001000 39.394714
  0.001200 39.928654
  0.001400 40.447968
  0.001600 40.952812
  0.001800 41.443340
  0.002000 41.919720
  0.002200 42.382065
  0.002400 42.830566
  0.002600 43.265350
  0.002800 43.686577
  0.003000 44.094387
  0.003200 44.488926
  0.003400 44.870331
  0.003600 45.238747
  0.003800 45.594311
  0.004000 45.937145
  0.004200 46.267387
  0.004400 46.585175
  0.004600 46.890617
  0.004800 47.183853
  0.005000 47.464981
  0.005200 47.734119
  0.005400 47.991379
  0.005600 48.236881
  0.005800 48.470711
  0.006000 48.692978
  0.006200 48.903782
  0.006400 49.103207
  0.006600 49.291340
  0.006800 49.468269
  0.007000 49.634071
  0.007200 49.788822
  0.007400 49.932587
  0.007600 50.065445
  0.007800 50.187447
  0.008000 50.298641
  0.008200 50.399097
  0.008400 50.488842
  0.008600 50.567932
  0.008800 50.636406
  0.009000 50.694302
  0.009200 50.741631
  0.009400 50.778416
  0.009600 50.804684
  0.009800 50.820442
  0.010000 50.825703
  0.010200 50.820465
  0.010400 50.804718
  0.010600 50.778477
  0.010800 50.741703
  0.011000 50.694401
  0.011200 50.636532
  0.011400 50.568069
  0.011600 50.488987
  0.011800 50.399258
  0.012000 50.298828
  0.012200 50.187649
  0.012400 50.065693
  0.012600 49.932858
  0.012800 49.789120
  0.013000 49.634392
  0.013200 49.468620
  0.013400 49.291718
  0.013600 49.103600
  0.013800 48.904202
  0.014000 48.693413
  0.014200 48.471172
  0.014400 48.237347
  0.014600 47.991863
  0.014800 47.734612
  0.015000 47.465481
  0.015200 47.184376
  0.015400 46.891148
  0.015600 46.585712
  0.015800 46.267933
  0.016000 45.937687
  0.016200 45.594837
  0.016400 45.239265
  0.016600 44.870834
  0.016800 44.489407
  0.017000 44.094860
  0.017200 43.687019
  0.017400 43.265770
  0.017600 42.830933
  0.017800 42.382412
  0.018000 41.920036
  0.018200 41.443642
  0.018400 40.953083
  0.018600 40.448200
  0.018800 39.928848
  0.019000 39.394871
  0.019200 38.846100
  0.019400 38.282387
  0.019600 37.703571
  0.019800 37.109497
  0.020000 36.500000
