  0.000000  1.000000
  0.014757  1.001785
  0.029513  1.003467
  0.044270  1.005050
  0.059026  1.006538
  0.073783  1.007935
  0.088540  1.009245
  0.103296  1.010471
  0.118053  1.011618
  0.132809  1.012689
  0.147566  1.013687
  0.162323  1.014618
  0.177079  1.015483
  0.191836  1.016286
  0.206592  1.017031
  0.221349  1.017721
  0.236106  1.018359
  0.250862  1.018949
  0.265619  1.019492
  0.280375  1.019992
  0.295132  1.020451
  0.309889  1.020873
  0.324645  1.021259
  0.339402  1.021613
  0.354158  1.021936
  0.368915  1.022231
  0.383672  1.022499
  0.398428  1.022743
  0.413185  1.022964
  0.427942  1.023164
  0.442698  1.023345
  0.457455  1.023509
  0.472211  1.023656
  0.486968  1.023788
  0.501724  1.023906
  0.516481  1.024013
  0.531238  1.024107
  0.545994  1.024191
  0.560751  1.024266
  0.575508  1.024331
  0.590264  1.024389
  0.605021  1.024439
  0.619777  1.024482
  0.634534  1.024519
  0.649291  1.024550
  0.664047  1.024576
  0.678804  1.024596
  0.693560  1.024612
  0.708317  1.024623
  0.723074  1.024630
  0.737830  1.024632
  0.752587  1.024630
  0.767343  1.024624
  0.782100  1.024613
  0.796857  1.024597
  0.811613  1.024576
  0.826370  1.024550
  0.841126  1.024519
  0.855883  1.024482
  0.870640  1.024438
  0.885396  1.024388
  0.900153  1.024330
  0.914909  1.024265
  0.929666  1.024190
  0.944423  1.024106
  0.959179  1.024012
  0.973936  1.023906
  0.988692  1.023787
  1.003449  1.023655
  1.018206  1.023507
  1.032962  1.023344
  1.047719  1.023163
  1.062475  1.022963
  1.077232  1.022741
  1.091989  1.022498
  1.106745  1.022229
  1.121502  1.021935
  1.136258  1.021612
  1.151015  1.021258
  1.165772  1.020871
  1.180528  1.020449
  1.195285  1.019990
  1.210041  1.019489
  1.224798  1.018946
  1.239555  1.018356
  1.254311  1.017718
  1.269068  1.017028
  1.283824  1.016283
  1.298581  1.015479
  1.313338  1.014614
  1.328094  1.013684
  1.342851  1.012686
  1.357607  1.011615
  1.372364  1.010468
  1.387121  1.009242
  1.401877  1.007932
  1.416634  1.006536
  1.431391  1.005048
  1.446147  1.003465
  1.460904  1.001784
  1.475660  1.000000
