  0.000000  1.000000
  0.014757  1.002489
  0.029513  1.004776
  0.044270  1.006872
  0.059026  1.008787
  0.073783  1.010533
  0.088540  1.012121
  0.103296  1.013560
  0.118053  1.014862
  0.132809  1.016036
  0.147566  1.017091
  0.162323  1.018037
  0.177079  1.018883
  0.191836  1.019637
  0.206592  1.020307
  0.221349  1.020900
  0.236106  1.021424
  0.250862  1.021886
  0.265619  1.022290
  0.280375  1.022645
  0.295132  1.022954
  0.309889  1.023223
  0.324645  1.023455
  0.339402  1.023656
  0.354158  1.023829
  0.368915  1.023977
  0.383672  1.024104
  0.398428  1.024213
  0.413185  1.024305
  0.427942  1.024382
  0.442698  1.024448
  0.457455  1.024503
  0.472211  1.024549
  0.486968  1.024588
  0.501724  1.024619
  0.516481  1.024646
  0.531238  1.024668
  0.545994  1.024686
  0.560751  1.024701
  0.575508  1.024713
  0.590264  1.024723
  0.605021  1.024731
  0.619777  1.024737
  0.634534  1.024742
  0.649291  1.024746
  0.664047  1.024749
  0.678804  1.024751
  0.693560  1.024753
  0.708317  1.024754
  0.723074  1.024755
  0.737830  1.024755
  0.752587  1.024755
  0.767343  1.024754
  0.782100  1.024753
  0.796857  1.024751
  0.811613  1.024749
  0.826370  1.024746
  0.841126  1.024742
  0.855883  1.024737
  0.870640  1.024730
  0.885396  1.024723
  0.900153  1.024713
  0.914909  1.024701
  0.929666  1.024686
  0.944423  1.024668
  0.959179  1.024646
  0.973936  1.024620
  0.988692  1.024587
  1.003449  1.024549
  1.018206  1.024503
  1.032962  1.024448
  1.047719  1.024382
  1.062475  1.024304
  1.077232  1.024212
  1.091989  1.024104
  1.106745  1.023977
  1.121502  1.023829
  1.136258  1.023656
  1.151015  1.023455
  1.165772  1.023222
  1.180528  1.022953
  1.195285  1.022644
  1.210041  1.022290
  1.224798  1.021885
  1.239555  1.021423
  1.254311  1.020899
  1.269068  1.020305
  1.283824  1.019635
  1.298581  1.018881
  1.313338  1.018036
  1.328094  1.017090
  1.342851  1.016034
  1.357607  1.014861
  1.372364  1.013559
  1.387121  1.012120
  1.401877  1.010532
  1.416634  1.008786
  1.431391  1.006871
  1.446147  1.004776
  1.460904  1.002489
  1.475660  1.000000
