  0.000000  1.000000
  0.014757  1.002437
  0.029513  1.004895
  0.044270  1.006716
  0.059026  1.009022
  0.073783  1.010280
  0.088540  1.012464
  0.103296  1.013217
  0.118053  1.015304
  0.132809  1.015613
  0.147566  1.017619
  0.162323  1.017547
  0.177079  1.019483
  0.191836  1.019092
  0.206592  1.020963
  0.221349  1.020315
  0.236106  1.022122
  0.250862  1.021273
  0.265619  1.023014
  0.280375  1.022018
  0.295132  1.023689
  0.309889  1.022593
  0.324645  1.024190
  0.339402  1.023035
  0.354158  1.024554
  0.368915  1.023373
  0.383672  1.024810
  0.398428  1.023630
  0.413185  1.024985
  0.427942  1.023826
  0.442698  1.025099
  0.457455  1.023977
  0.472211  1.025169
  0.486968  1.024092
  0.501724  1.025208
  0.516481  1.024181
  0.531238  1.025226
  0.545994  1.024249
  0.560751  1.025230
  0.575508  1.024302
  0.590264  1.025227
  0.605021  1.024342
  0.619777  1.025220
  0.634534  1.024372
  0.649291  1.025212
  0.664047  1.024393
  0.678804  1.025206
  0.693560  1.024407
  0.708317  1.025201
  0.723074  1.024413
  0.737830  1.025200
  0.752587  1.024413
  0.767343  1.025201
  0.782100  1.024407
  0.796857  1.025206
  0.811613  1.024393
  0.826370  1.025212
  0.841126  1.024372
  0.855883  1.025220
  0.870640  1.024342
  0.885396  1.025227
  0.900153  1.024302
  0.914909  1.025230
  0.929666  1.024249
  0.944423  1.025226
  0.959179  1.024181
  0.973936  1.025208
  0.988692  1.024092
  1.003449  1.025169
  1.018206  1.023977
  1.032962  1.025099
  1.047719  1.023826
  1.062475  1.024985
  1.077232  1.023630
  1.091989  1.024810
  1.106745  1.023373
  1.121502  1.024554
  1.136258  1.023035
  1.151015  1.024190
  1.165772  1.022593
  1.180528  1.023689
  1.195285  1.022018
  1.210041  1.023014
  1.224798  1.021273
  1.239555  1.022122
  1.254311  1.020315
  1.269068  1.020963
  1.283824  1.019092
  1.298581  1.019483
  1.313338  1.017547
  1.328094  1.017619
  1.342851  1.015613
  1.357607  1.015304
  1.372364  1.013217
  1.387121  1.012464
  1.401877  1.010280
  1.416634  1.009022
  1.431391  1.006716
  1.446147  1.004895
  1.460904  1.002437
  1.475660  1.000000
