  0.000000  1.000000
  0.020000  1.003329
  0.040000  1.006294
  0.060000  1.008921
  0.080000  1.011239
  0.100000  1.013273
  0.120000  1.015050
  0.140000  1.016594
  0.160000  1.017927
  0.180000  1.019074
  0.200000  1.020054
  0.220000  1.020887
  0.240000  1.021591
  0.260000  1.022182
  0.280000  1.022677
  0.300000  1.023087
  0.320000  1.023426
  0.340000  1.023703
  0.360000  1.023930
  0.380000  1.024113
  0.400000  1.024261
  0.420000  1.024379
  0.440000  1.024472
  0.460000  1.024546
  0.480000  1.024604
  0.500000  1.024650
  0.520000  1.024684
  0.540000  1.024711
  0.560000  1.024731
  0.580000  1.024747
  0.600000  1.024758
  0.620000  1.024767
  0.640000  1.024774
  0.660000  1.024778
  0.680000  1.024782
  0.700000  1.024784
  0.720000  1.024786
  0.740000  1.024787
  0.760000  1.024788
  0.780000  1.024789
  0.800000  1.024789
  0.820000  1.024789
  0.840000  1.024789
  0.860000  1.024789
  0.880000  1.024789
  0.900000  1.024789
  0.920000  1.024789
  0.940000  1.024789
  0.960000  1.024789
  0.980000  1.024789
  1.000000  1.024789
  1.020000  1.024789
  1.040000  1.024789
  1.060000  1.024789
  1.080000  1.024789
  1.100000  1.024789
  1.120000  1.024789
  1.140000  1.024789
  1.160000  1.024789
  1.180000  1.024789
  1.200000  1.024789
  1.220000  1.024789
  1.240000  1.024788
  1.260000  1.024787
  1.280000  1.024786
  1.300000  1.024784
  1.320000  1.024782
  1.340000  1.024778
  1.360000  1.024774
  1.380000  1.024767
  1.400000  1.024758
  1.420000  1.024747
  1.440000  1.024731
  1.460000  1.024711
  1.480000  1.024684
  1.500000  1.024650
  1.520000  1.024604
  1.540000  1.024546
  1.560000  1.024472
  1.580000  1.024379
  1.600000  1.024261
  1.620000  1.024113
  1.640000  1.023930
  1.660000  1.023703
  1.680000  1.023426
  1.700000  1.023087
  1.720000  1.022677
  1.740000  1.022182
  1.760000  1.021591
  1.780000  1.020887
  1.800000  1.020054
  1.820000  1.019074
  1.840000  1.017927
  1.860000  1.016594
  1.880000  1.015050
  1.900000  1.013273
  1.920000  1.011239
  1.940000  1.008921
  1.960000  1.006294
  1.980000  1.003329
  2.000000  1.000000
