  0.000000 36.500000
  0.020000 36.503372
  0.040000 36.506378
  0.060000 36.509037
  0.080000 36.511383
  0.100000 36.513447
  0.120000 36.515247
  0.140000 36.516811
  0.160000 36.518166
  0.180000 36.519333
  0.200000 36.520332
  0.220000 36.521183
  0.240000 36.521900
  0.260000 36.522507
  0.280000 36.523010
  0.300000 36.523434
  0.320000 36.523781
  0.340000 36.524071
  0.360000 36.524303
  0.380000 36.524498
  0.400000 36.524651
  0.420000 36.524773
  0.440000 36.524876
  0.460000 36.524956
  0.480000 36.525017
  0.500000 36.525066
  0.520000 36.525108
  0.540000 36.525139
  0.560000 36.525166
  0.580000 36.525185
  0.600000 36.525192
  0.620000 36.525192
  0.640000 36.525192
  0.660000 36.525192
  0.680000 36.525192
  0.700000 36.525192
  0.720000 36.525192
  0.740000 36.525192
  0.760000 36.525192
  0.780000 36.525192
  0.800000 36.525192
  0.820000 36.525192
  0.840000 36.525192
  0.860000 36.525192
  0.880000 36.525192
  0.900000 36.525192
  0.920000 36.525192
  0.940000 36.525192
  0.960000 36.525192
  0.980000 36.525192
  1.000000 36.525192
  1.020000 36.525192
  1.040000 36.525192
  1.060000 36.525192
  1.080000 36.525192
  1.100000 36.525192
  1.120000 36.525192
  1.140000 36.525192
  1.160000 36.525192
  1.180000 36.525192
  1.200000 36.525192
  1.220000 36.525192
  1.240000 36.525192
  1.260000 36.525192
  1.280000 36.525192
  1.300000 36.525192
  1.320000 36.525192
  1.340000 36.525192
  1.360000 36.525192
  1.380000 36.525192
  1.400000 36.525192
  1.420000 36.525185
  1.440000 36.525166
  1.460000 36.525139
  1.480000 36.525108
  1.500000 36.525066
  1.520000 36.525017
  1.540000 36.524956
  1.560000 36.524876
  1.580000 36.524773
  1.600000 36.524651
  1.620000 36.524498
  1.640000 36.524303
  1.660000 36.524071
  1.680000 36.523781
  1.700000 36.523434
  1.720000 36.523010
  1.740000 36.522507
  1.760000 36.521900
  1.780000 36.521183
  1.800000 36.520332
  1.820000 36.519333
  1.840000 36.518166
  1.860000 36.516811
  1.880000 36.515247
  1.900000 36.513447
  1.920000 36.511383
  1.940000 36.509037
  1.960000 36.506378
  1.980000 36.503372
  2.000000 36.500000
